-72511
-82287
-110554
-97392
-33389
-107893
-55300
-81841
-71904
-73383
-109686
-134036
-103197
-81421
-105177
-103235
-33362
-109484
-105186
-106934
-77086
-88120
-84466
-86585
-40458
-42893
-6317
-56874
-95301
-59409
-84795
-60875
-68199
-47900
-146105
-69410
-50190
-87540
-64690
-58752
-80985
-52120
-57032
-59360
-67448
-28354
-67167
-98504
-39368
-47245
-66627
-90530
-41522
-99229
-96301
-36301
-62006
-101757
-77610
-63549
-104560
-11007
-21459
-47653
-82076
-113096
-8415
-77523
-59010
-66248
-65874
-48813
-97182
-74082
-27893
-90607
-79909
-24194
-43701
-34929
-122045
-59360
-66376
-74435
-60742
-68077
-48623
-26273
-37664
-84192
-28464
-27334
-21327
-24272
-52089
-72772
-48813
-61194
-61695
-31303
-82595
-72112
-48813
-78257
-26413
-16893
-86070
-66078
-63350
-46138
-44837
-51646
-48649
-55637
-75884
-28464
-48891
-42780
-89952
-56869
-33343
-94198
-112053
-43504
-59817
-60437
-65029
-25970
-69783
-162580
-33013
-65792
-11169
-90864
-53879
-42750
-95730
-92354
-45110
-66777
-36301
-57534
-63647
-135494
-57475
-94392
-125891
-54176
-96207
-43380
-37933
-22285
-96076
-90365
-31443
-66303
-58122
-54080
-15333
-58286
-109321
-32269
-43701
-43701
-9188
-47075
-41068
-92615
-127029
-15032
-92868
-117856
-45148
-13211
-77450
-7886
-65591
-39815
-67007
-53326
-77429
-128684
-54193
-21644
-22001
-29611
-39254
-30371
-92493
-83255
-76786
-30371
-64705
-43398
-99644
-80017
-31303
-78353
-28076
-39392
-38240
-33058
-59842
-40118
-76815
-70257
-84146
-149339
-73222
-56851
-7886
-50131
-81421
-31711
-39699
-18056
-21796
-107111
-11008
-126981
-97708
-83917
-84224
-54340
-84910
-78395
-29208
-47277
-71046
-94658
-45522
-71237
-130722
-15283
-79390
-90107
-35758
-139459
-51646
-28354
-84906
-45716
-60382
-132272
-91995
-101386
-91769
-64769
-80041
-55781
-44751
-77222
-101288
-40540
-71846
-85450
-25448
-28354
-35078
-103099
-82187
-124214
-50588
-67808
-75741
-100634
-57063
-94771
-58703
-80780
-42184
-128912
-90576
-91930
-76628
-98922
-57707
-97010
-81859
-47461
-32492
-30148
-146301
-135566
-28347
-90545
-13166
-43130
-47693
-52980
-100279
-15279
-36168
-68666
-29251
-83719
-98448
-47487
-82150
-87993
-74403
-46837
-93372
-90844
-75991
-17432
-65506
-66148
-115395
-34921
-44102
-63449
-96303
-45551
-47829
-17166
-114414
-65795
-103613
-100578
-58124
-87661
-132541
-28347
-70591
-40315
-79868
-34980
-78252
-93840
-67139
-70686
-22602
-96532
-100252
-66984
-63486
-74941
-77231
-77416
-77509
-107987
-82647
-30002
-67243
-81421
-85278
-96245
-43957
-64021
-93422
-66684
-85533
-73449
-88599
-77523
-44954
-64402
-105181
-55781
-42125
-128263
-81966
-118637
-61760
-11007
-80908
-55335
-65501
-28354
-30002
-64695
-34448
-94069
-116960
-95318
-64248
-38636
-60085
-34618
-39517
-81422
-16230
-119734
-13166
-75906
-26512
-15032
-40614
-51646
-82081
-51739
-19453
-134962
-57328
-89952
-12593
-86297
-199295
-103625
-81812
-89486
-53820
-103328
-81942
-115028
-54258
-94421
-111763
-54508
-64706
-119540
-34355
-74717
-80591
-75547
-43297
-89272
-115256
-121440
-153249
-59901
-94489
-75178
-103455
-84338
-11007
-105840
-39892
-67716
-113106
-16230
-106706
-105344
-63933
-103022
-106628
-84767
-78398
-46845
-79592
-130223
-23236
-66069
-62475
-89427
-135141
-83134
-107821
-48058
-93909
-37944
-51180
-94697
-80528
-91027
-81610
-39367
-81079
-57093
-45526
-61473
-43127
-23263
-55190
-55868
-35041
-51940
-67925
-38658
-63419
-97349
-100100
-37109
-65894
-60566
-100548
-67930
-82680
-102585
-102094
-40515
-33461
-111095
-29407
-7886
-43357
-74556
-32793
-38868
-120773
-88540
-50479
-76814
-71932
-55781
-53047
-67802
-9184
-94084
-82725
-100948
-21459
-7886
-81725
-49594
-54705
-94822
-118981
-85607
-52379
-102700
-112496
-89273
-66705
-35808
-35105
-89935
-77455
-92297
-28354
-50198
-103039
-51646
-25809
-85347
-66463
-37609
-66348
-86142
-39298
-105061
-39553
-122694
-112158
-32279
-41189
-77699
-89672
-119442
-100306
-83229
-93556
-108450
-28569
-15032
-74828
-146309
-76350
-81522
-67102
-72077
-65227
-114802
-102538
-76667
-81421
-70697
-36226
-31900
-53030
-40601
-145145
-97193
-73234
-77861
-82263
-83707
-16230
-114782
-63538
-35525
-117799
-64434
-86291
-22809
-50883
-70131
-22345
-64864
-88595
-80969
-30899
-134582
-81421
-81970
-62693
-53928
-30002
-41341
-70297
-57583
-34761
-15279
-54771
-93840
-60377
-48861
-75200
-85416
-49214
-60829
-89135
-140505
-98706
-61670
-25697
-59205
-54086
-97536
-80825
-69175
-104216
-27577
-58979
-81761
-21891
-71008
-85544
-76259
-32368
-96874
-96693
-76704
-28354
-134150
-93810
-97196
-87256
-44076
-50324
-64681
-65354
-79667
-41748
-121556
-123956
-119897
-47851
-83081
-66214
-82297
-70043
-47680
-55252
-115794
-77177
-105019
-94971
-44610
-16230
-65932
-71381
-65695
-38578
-115899
-77410
-31431
-58721
-53080
-14124
-82903
-73859
-7932
-72722
-95495
-65824
-12593
-27802
-51646
-66432
-99723
-49448
-71958
-60422
-83670
-65895
-75842
-49339
-53367
-34693
-89723
-77901
-60945
-41943
-48250
-72511
-131503
-97670
-40923
-98829
-62037
-126487
-68665
-68835
-97986
-64492
-115143
-54810
-17823
-34640
-148160
-33828
-78566
-40899
-116338
-56359
-49119
-61606
-46058
-60108
-115775
-30703
-39271
-79764
-82774
-6240
-56878
-27334
-41437
-125375
-86834
-33301
-78348
-40244
-99213
-101828
-93824
-109998
-64776
-64043
-139933
-85215
-67285
-84794
-89245
-79838
-24495
-30002
-74686
-73569
-17521
-69527
-96152
-31524
-49135
-84780
-13639
-80470
-83157
-71417
-31742
-125955
-60549
-30626
-116639
-102585
-96377
-94763
-74274
-60351
-75827
-97666
-110766
-51646
-86553
-96646
-74091
-83350
-71616
-64906
-90797
-78830
-83212
-7886
-149737
-116192
-29895
-83895
-11007
-89857
-32917
-81993
-78543
-88026
-95786
-78151
-34103
-95735
-83151
-61275
-68574
-30182
-91041
-35235
-51225
-27334
-127193
-64667
-69719
-38038
-45426
-85783
-59361
-78595
-51474
-44998
-83243
-65131
-116660
-68708
-82430
-81101
-135460
-121349
-35743
-23404
-88439
-55255
-55861
-72835
-8614
-78370
-69945
-40552
-67034
-71109
-28354
-120208
-79909
-98069
-88880
-58008
-25270
-89193
-62199
-140131
-39566
-55075
-106877
-21891
-43913
-50476
-73217
-44303
-49888
-99773
-129630
-70213
-69860
-35254
-109721
-63215
-78146
-46746
-101553
-25448
-35105
-9184
-15526
-75930
-98246
-100467
-68982
-37422
-67451
-48771
-73501
-31761
-76021
-79590
-88429
-82001
-96641
-39144
-19352
-89511
-55781
-119549
-87366
-140823
-97930
-40402
-80068
-22328
-59062
-87735
-96419
-40136
-84484
-58674
-50562
-103584
-84767
-111763
-83076
-54531
-86039
-88623
-85071
-54418
-72611
-66231
-70995
-136696
-106308
-16897
-70349
-103689
-37576
-61616
-33840
-80217
-97560
-94323
-88732
-11007
-115150
-34059
-65927
-55757
-68270
-65994
-86125
-56786
-69915
-93947
-53222
-30002
-68411
-75263
-56231
-73094
-60604
-110987
-49214
-16897
-90024
-50242
-81666
-133176
-66387
-31742
-91094
-106664
-79322
-85675
-58420
-151766
-77002
-49864
-94397
-68365
-135363
-93911
-74375
-105011
-99655
-95838
-64727
-95100
-68717
-36680
-96077
-85220
-88164
-51287
-59407
-58248
-69591
-45909
-72947
-91595
-114242
-15279
-80999
-85577
-30002
-107498
-110474
-132541
-75590
-41265
-97901
-108349
-23851
-59367
-74583
-32730
-43300
-79653
-54831
-76195
-122022
-55115
-110772
-93793
-75012
-100766
-55533
